[1, 4, 2, 12, 11, 6, 12, 27, 0, 25]
[5, 4, 5, 11, 0, 13, 16, 26, 3, 17]
[0, 1, 6, 5, 3, 10, 17, 30, 2, 26]
[2, 0, 4, 4, 7, 18, 16, 21, 9, 19]
[1, 0, 1, 8, 14, 8, 26, 17, 4, 21]
[0, 3, 6, 8, 15, 12, 26, 8, 18, 4]
[1, 0, 1, 4, 8, 12, 27, 19, 6, 22]
[2, 4, 4, 5, 20, 10, 12, 9, 4, 30]
[0, 0, 2, 12, 5, 17, 20, 16, 6, 22]
[0, 1, 10, 3, 21, 17, 16, 11, 6, 15]
[0, 6, 2, 8, 6, 11, 19, 26, 22, 0]
[1, 0, 3, 9, 17, 13, 7, 24, 13, 13]
[0, 4, 7, 8, 12, 8, 5, 20, 17, 19]
[2, 2, 3, 4, 11, 8, 20, 31, 17, 2]
[2, 11, 10, 8, 6, 5, 19, 12, 1, 26]
[1, 0, 3, 5, 12, 7, 11, 20, 22, 19]
[3, 1, 1, 4, 11, 9, 12, 5, 34, 20]
[1, 8, 1, 10, 12, 9, 20, 9, 21, 9]
[0, 5, 2, 5, 10, 6, 19, 23, 19, 11]
[1, 2, 1, 3, 8, 11, 9, 24, 27, 14]
[2, 2, 8, 4, 4, 17, 19, 7, 22, 15]
[2, 0, 2, 8, 6, 5, 17, 28, 15, 17]
[1, 1, 1, 10, 7, 8, 9, 34, 15, 14]
[0, 3, 11, 5, 9, 5, 16, 22, 17, 12]
[1, 5, 1, 9, 11, 15, 8, 27, 20, 3]
[1, 0, 4, 11, 4, 14, 16, 19, 19, 12]
[6, 4, 3, 11, 5, 13, 10, 4, 24, 20]
[0, 3, 1, 10, 6, 6, 19, 33, 11, 11]
[0, 0, 4, 4, 11, 18, 10, 11, 24, 18]
[1, 1, 3, 5, 9, 6, 9, 27, 24, 15]
[1, 2, 2, 4, 12, 6, 9, 27, 21, 16]
[1, 3, 0, 8, 0, 16, 23, 29, 8, 12]
[2, 0, 3, 6, 15, 8, 13, 30, 23, 0]
[2, 2, 3, 3, 5, 19, 19, 6, 23, 18]
[2, 2, 4, 1, 7, 10, 17, 6, 38, 13]
[0, 5, 10, 12, 3, 15, 11, 3, 25, 16]
[0, 2, 4, 2, 8, 8, 11, 32, 21, 12]
[6, 0, 0, 22, 7, 8, 17, 25, 1, 14]
[4, 1, 0, 5, 13, 12, 14, 25, 24, 2]
[4, 12, 3, 3, 8, 10, 8, 31, 10, 11]
[0, 1, 5, 5, 14, 4, 14, 22, 23, 12]
[1, 5, 3, 3, 9, 10, 22, 0, 40, 7]
[0, 2, 5, 2, 12, 14, 24, 5, 28, 8]
[1, 0, 5, 3, 10, 10, 9, 19, 32, 11]
[3, 0, 1, 3, 8, 10, 15, 37, 12, 11]
[3, 5, 6, 9, 8, 4, 8, 25, 20, 12]
[1, 1, 5, 3, 1, 16, 17, 20, 19, 17]
[2, 2, 1, 2, 5, 8, 30, 22, 5, 23]
[0, 2, 1, 4, 13, 15, 13, 3, 39, 10]
[0, 0, 4, 7, 13, 9, 7, 3, 42, 15]
[3, 3, 5, 3, 8, 17, 6, 6, 26, 23]
[0, 3, 0, 8, 8, 11, 15, 9, 36, 10]
[3, 5, 3, 1, 6, 11, 9, 18, 28, 16]
[0, 9, 3, 9, 5, 11, 6, 22, 19, 16]
[0, 3, 0, 8, 15, 7, 25, 8, 2, 32]
[4, 2, 3, 1, 16, 11, 14, 11, 27, 11]
[2, 3, 6, 6, 9, 6, 22, 10, 33, 3]
[0, 1, 4, 9, 6, 6, 6, 28, 24, 16]
[0, 0, 5, 5, 4, 6, 22, 29, 14, 15]
[1, 2, 6, 4, 6, 8, 8, 44, 9, 12]
[2, 4, 4, 5, 10, 10, 8, 2, 46, 9]
[0, 2, 0, 5, 12, 7, 13, 9, 36, 16]
[0, 2, 0, 7, 12, 13, 27, 14, 19, 6]
[0, 3, 0, 9, 8, 7, 12, 3, 32, 26]
[0, 0, 8, 5, 14, 8, 19, 12, 28, 6]
[2, 3, 2, 5, 2, 11, 33, 25, 8, 9]
[5, 1, 2, 3, 8, 15, 7, 7, 31, 21]
[5, 2, 5, 5, 4, 6, 14, 14, 32, 13]
[0, 7, 3, 7, 6, 6, 12, 29, 23, 7]
[0, 1, 8, 1, 15, 14, 17, 2, 34, 8]
[0, 2, 1, 4, 4, 12, 14, 1, 34, 28]
[2, 4, 7, 5, 12, 3, 9, 29, 18, 11]
[1, 1, 1, 1, 6, 17, 16, 27, 18, 12]
[0, 3, 4, 9, 4, 7, 1, 28, 26, 18]
[6, 2, 0, 7, 6, 12, 24, 20, 20, 3]
[1, 6, 9, 8, 2, 8, 13, 22, 28, 3]
[0, 1, 2, 13, 5, 4, 25, 21, 6, 23]
[0, 5, 2, 0, 5, 9, 19, 25, 22, 13]
[1, 0, 4, 5, 12, 13, 1, 9, 30, 25]
[2, 8, 2, 0, 18, 7, 20, 15, 11, 17]
[0, 5, 2, 5, 5, 14, 30, 20, 16, 3]
[0, 5, 4, 6, 17, 7, 4, 19, 27, 11]
[3, 1, 3, 11, 2, 11, 14, 15, 32, 8]
[2, 0, 9, 1, 7, 15, 13, 27, 20, 6]
[0, 0, 3, 4, 12, 11, 28, 1, 32, 9]
[1, 3, 0, 0, 11, 15, 18, 3, 26, 23]
[1, 10, 4, 10, 11, 4, 15, 12, 24, 9]
[2, 1, 0, 3, 0, 15, 20, 25, 11, 23]
[0, 2, 3, 7, 12, 6, 11, 18, 41, 0]
[1, 4, 0, 4, 9, 2, 14, 29, 23, 14]
[1, 2, 9, 3, 6, 4, 18, 9, 34, 14]
[0, 8, 1, 6, 11, 10, 9, 10, 36, 9]
[3, 0, 0, 6, 8, 7, 12, 20, 33, 11]
[3, 5, 3, 7, 6, 17, 4, 10, 36, 9]
[0, 0, 1, 4, 6, 14, 11, 8, 41, 15]
[4, 3, 3, 6, 9, 3, 9, 7, 35, 21]
[1, 1, 0, 6, 6, 12, 13, 12, 40, 9]
[0, 0, 6, 3, 11, 5, 16, 26, 25, 8]
[2, 1, 0, 9, 4, 7, 11, 14, 29, 23]
[0, 6, 3, 4, 7, 4, 8, 31, 19, 18]
[0, 2, 0, 4, 3, 11, 16, 10, 38, 16]
[3, 1, 2, 1, 4, 20, 22, 24, 13, 10]
[0, 4, 1, 0, 3, 11, 15, 21, 29, 16]
[1, 0, 2, 7, 6, 15, 30, 10, 25, 4]
[0, 0, 1, 5, 6, 4, 16, 28, 22, 18]
[3, 1, 0, 3, 6, 7, 14, 15, 38, 13]
[3, 1, 0, 4, 7, 14, 24, 17, 26, 4]
[4, 0, 1, 9, 12, 6, 28, 5, 19, 16]
[4, 3, 1, 6, 4, 5, 19, 17, 18, 23]
[0, 2, 8, 9, 5, 1, 11, 23, 19, 22]
[1, 2, 0, 5, 15, 18, 5, 4, 28, 22]
[4, 0, 5, 9, 5, 14, 2, 21, 30, 10]
[0, 0, 1, 5, 8, 9, 9, 15, 41, 12]
[0, 1, 0, 4, 6, 5, 23, 24, 7, 30]
[3, 4, 5, 0, 11, 4, 35, 14, 2, 22]
[1, 3, 7, 7, 8, 1, 10, 35, 20, 8]
[1, 4, 1, 3, 16, 15, 5, 13, 32, 10]
[0, 4, 1, 3, 7, 10, 5, 40, 15, 15]
[0, 2, 4, 2, 12, 7, 1, 21, 38, 13]
[1, 1, 2, 2, 14, 6, 12, 14, 37, 11]
[2, 2, 3, 7, 10, 14, 2, 14, 44, 2]
[2, 9, 4, 10, 2, 9, 7, 35, 13, 9]
[0, 0, 3, 5, 19, 6, 17, 24, 19, 7]
[0, 1, 9, 5, 4, 6, 12, 13, 38, 12]
[1, 5, 1, 1, 12, 9, 5, 0, 47, 19]
[3, 3, 0, 0, 7, 9, 15, 16, 35, 12]
[6, 0, 5, 8, 4, 1, 18, 34, 11, 13]
[1, 0, 1, 2, 11, 17, 7, 19, 30, 12]
[10, 1, 2, 11, 2, 8, 16, 34, 9, 7]
[0, 3, 0, 3, 16, 14, 12, 17, 35, 0]
[0, 6, 6, 2, 5, 7, 5, 35, 14, 20]
[7, 0, 1, 5, 7, 8, 15, 27, 27, 3]
[1, 1, 4, 1, 9, 7, 2, 25, 37, 13]
[3, 3, 8, 2, 3, 7, 9, 16, 26, 23]
[1, 0, 2, 1, 9, 4, 26, 23, 5, 29]
[0, 6, 2, 7, 8, 8, 3, 27, 37, 2]
[1, 1, 8, 4, 2, 7, 3, 25, 28, 21]
[0, 3, 9, 6, 11, 0, 13, 27, 28, 3]
[1, 5, 1, 3, 9, 6, 30, 5, 16, 24]
[4, 5, 7, 1, 9, 8, 8, 35, 18, 5]
[0, 1, 6, 2, 5, 6, 31, 17, 10, 22]
[0, 2, 3, 1, 11, 7, 34, 19, 13, 10]
[2, 2, 5, 3, 1, 3, 18, 21, 25, 20]
[5, 0, 4, 1, 7, 7, 19, 25, 25, 7]
[1, 3, 7, 2, 9, 6, 4, 10, 43, 15]
[1, 1, 1, 3, 5, 8, 15, 24, 36, 6]
[0, 0, 1, 1, 8, 13, 25, 8, 31, 13]
[3, 1, 7, 15, 9, 5, 5, 6, 35, 14]
[0, 10, 0, 8, 6, 9, 23, 13, 29, 2]
[0, 7, 7, 1, 5, 6, 10, 15, 28, 21]
[0, 3, 2, 0, 8, 14, 20, 9, 37, 7]
[0, 1, 3, 7, 4, 2, 29, 28, 13, 13]
[3, 0, 0, 5, 10, 12, 0, 6, 42, 22]
[0, 1, 5, 2, 5, 6, 6, 31, 23, 21]
[3, 0, 3, 5, 4, 12, 17, 8, 42, 6]
[2, 1, 5, 6, 2, 6, 11, 41, 15, 11]
[2, 0, 4, 3, 7, 4, 17, 29, 27, 7]
[9, 7, 6, 2, 4, 10, 11, 40, 8, 3]
[0, 1, 6, 1, 3, 9, 10, 9, 45, 16]
[1, 4, 0, 1, 13, 12, 0, 17, 38, 14]
[3, 2, 1, 9, 6, 14, 6, 14, 40, 5]
[0, 3, 1, 1, 13, 9, 10, 45, 9, 9]
[5, 0, 5, 4, 8, 3, 12, 20, 33, 10]
[1, 0, 2, 6, 6, 4, 6, 24, 35, 16]
[0, 0, 9, 6, 12, 2, 20, 16, 26, 9]
[0, 5, 0, 2, 5, 16, 7, 17, 31, 17]
[3, 0, 9, 1, 10, 5, 9, 16, 30, 17]
[0, 0, 2, 3, 14, 9, 1, 12, 36, 23]
[0, 3, 2, 3, 2, 9, 8, 8, 43, 22]
[7, 3, 6, 6, 2, 9, 13, 12, 40, 2]
[4, 3, 1, 2, 4, 9, 10, 20, 18, 29]
[6, 0, 4, 4, 1, 17, 21, 15, 22, 10]
[3, 0, 1, 6, 2, 12, 31, 10, 8, 27]
[4, 3, 2, 0, 7, 12, 30, 17, 20, 5]
[2, 1, 7, 2, 7, 6, 2, 35, 23, 15]
[0, 4, 3, 3, 7, 10, 8, 41, 19, 5]
[0, 0, 1, 1, 8, 13, 17, 14, 37, 9]
[0, 2, 1, 0, 8, 7, 11, 15, 43, 13]
[0, 5, 2, 2, 9, 2, 22, 3, 32, 23]
[4, 1, 4, 2, 2, 19, 9, 13, 32, 14]
[0, 2, 1, 3, 7, 8, 5, 22, 42, 10]
[3, 5, 4, 9, 1, 22, 8, 12, 27, 9]
[2, 1, 3, 1, 10, 6, 3, 36, 12, 26]
[6, 1, 2, 2, 2, 9, 18, 21, 30, 9]
[0, 0, 3, 6, 4, 6, 4, 23, 37, 17]
[0, 0, 2, 3, 5, 3, 21, 25, 22, 19]
[0, 2, 5, 8, 3, 27, 7, 9, 24, 15]
[0, 0, 2, 5, 9, 5, 14, 34, 26, 5]
[0, 0, 2, 6, 13, 7, 7, 35, 25, 5]
[0, 0, 5, 1, 11, 8, 5, 20, 38, 12]
[1, 6, 13, 1, 2, 7, 16, 17, 22, 15]
[2, 1, 8, 1, 5, 3, 14, 21, 22, 23]
[6, 3, 3, 4, 5, 5, 10, 4, 45, 15]
[2, 5, 2, 2, 4, 8, 5, 24, 36, 12]
[1, 0, 7, 10, 8, 5, 2, 4, 47, 16]
[2, 1, 9, 8, 9, 4, 39, 1, 16, 11]
[0, 2, 0, 7, 6, 4, 8, 14, 39, 20]
[0, 0, 0, 2, 8, 9, 12, 8, 33, 28]
[0, 4, 3, 2, 4, 5, 10, 11, 39, 22]
[2, 4, 0, 7, 8, 9, 0, 12, 47, 11]
[0, 6, 3, 1, 3, 11, 12, 31, 31, 2]
[0, 3, 4, 5, 2, 5, 11, 4, 49, 17]
[0, 0, 3, 1, 2, 11, 15, 15, 40, 13]
[1, 0, 6, 2, 22, 13, 7, 13, 27, 9]
[1, 2, 3, 6, 13, 4, 10, 10, 44, 7]
[3, 2, 1, 12, 3, 7, 0, 21, 37, 14]
[0, 4, 0, 0, 10, 7, 22, 13, 33, 11]
[1, 4, 4, 3, 7, 8, 0, 0, 58, 15]
[2, 0, 10, 3, 8, 2, 9, 39, 11, 16]
[0, 4, 5, 1, 5, 3, 17, 7, 34, 24]
[0, 1, 9, 1, 3, 10, 39, 24, 5, 8]
[0, 0, 3, 8, 4, 0, 12, 21, 36, 16]
[0, 6, 4, 0, 15, 7, 3, 12, 35, 18]
[7, 6, 4, 13, 10, 4, 6, 21, 23, 6]
[1, 2, 7, 0, 4, 8, 12, 38, 20, 8]
[0, 1, 8, 0, 18, 8, 13, 13, 33, 6]
[2, 1, 4, 1, 11, 14, 1, 7, 47, 12]
[0, 1, 9, 0, 4, 7, 25, 4, 31, 19]
[1, 2, 0, 2, 3, 6, 11, 30, 32, 13]
[0, 5, 0, 17, 5, 8, 12, 15, 29, 9]
[0, 7, 3, 6, 4, 8, 8, 38, 26, 0]
[0, 1, 6, 1, 5, 2, 22, 29, 19, 15]
[0, 1, 1, 4, 2, 6, 24, 12, 31, 19]
[0, 0, 6, 4, 6, 14, 5, 21, 40, 4]
[0, 9, 3, 6, 3, 4, 9, 27, 26, 13]
[3, 0, 0, 2, 4, 22, 17, 25, 16, 11]
[0, 0, 2, 0, 7, 6, 18, 28, 30, 9]
[0, 2, 9, 7, 10, 4, 10, 5, 46, 7]
[6, 5, 10, 5, 1, 7, 3, 18, 28, 17]
[0, 0, 4, 2, 2, 19, 9, 15, 33, 16]
[1, 0, 0, 1, 0, 14, 13, 26, 28, 17]
[2, 1, 3, 1, 2, 13, 2, 24, 38, 14]
[0, 3, 4, 1, 13, 5, 6, 3, 48, 17]
[2, 3, 4, 1, 2, 21, 7, 29, 20, 11]
[0, 10, 7, 3, 8, 1, 21, 23, 21, 6]
[0, 6, 4, 5, 3, 12, 37, 9, 21, 3]
[0, 1, 0, 1, 8, 9, 8, 18, 43, 12]
[9, 0, 1, 6, 3, 7, 7, 30, 14, 23]
[0, 2, 1, 5, 5, 1, 20, 0, 49, 17]
[3, 2, 0, 0, 7, 4, 13, 34, 12, 25]
[0, 0, 1, 2, 9, 1, 26, 26, 11, 24]
[0, 4, 2, 2, 1, 6, 14, 31, 30, 10]
[0, 0, 0, 14, 5, 9, 15, 16, 34, 7]
[4, 2, 2, 6, 8, 6, 9, 10, 47, 6]
[0, 2, 0, 3, 5, 7, 34, 21, 15, 13]
[6, 4, 2, 4, 2, 8, 13, 45, 10, 6]
[0, 1, 4, 3, 2, 8, 13, 22, 46, 1]
[0, 5, 0, 5, 0, 11, 9, 4, 47, 19]
[3, 0, 2, 6, 1, 4, 14, 14, 33, 23]
[0, 7, 1, 0, 8, 6, 8, 34, 20, 16]
[2, 0, 8, 1, 1, 11, 2, 28, 29, 18]
[3, 0, 0, 2, 7, 10, 9, 31, 31, 7]
[0, 0, 4, 5, 5, 17, 6, 21, 37, 5]
[0, 3, 2, 3, 6, 13, 1, 9, 51, 12]
[4, 1, 2, 2, 2, 6, 10, 11, 41, 21]
[0, 0, 0, 1, 8, 7, 16, 4, 37, 27]
[1, 0, 7, 4, 0, 3, 22, 34, 14, 15]
[0, 1, 2, 6, 3, 4, 16, 4, 50, 14]
[0, 6, 1, 6, 6, 6, 1, 20, 43, 11]
[1, 4, 10, 0, 8, 8, 7, 16, 40, 6]
[1, 0, 8, 12, 2, 7, 2, 49, 2, 17]
[0, 0, 1, 9, 5, 11, 32, 11, 26, 5]
[0, 2, 2, 4, 14, 8, 43, 9, 18, 0]
[2, 1, 0, 6, 2, 19, 10, 18, 35, 7]
[0, 3, 1, 0, 3, 12, 7, 24, 38, 12]
[0, 2, 1, 4, 0, 9, 5, 33, 33, 13]
[4, 3, 0, 8, 10, 3, 4, 21, 36, 11]
[0, 0, 0, 0, 13, 13, 9, 18, 36, 11]
[0, 3, 0, 19, 0, 9, 16, 13, 23, 17]
[1, 0, 1, 11, 0, 4, 14, 23, 33, 13]
[1, 1, 2, 7, 6, 5, 3, 28, 41, 6]
[2, 1, 1, 5, 1, 5, 28, 16, 24, 17]
[6, 1, 5, 6, 2, 15, 5, 19, 41, 0]
[2, 4, 4, 4, 4, 3, 26, 19, 29, 5]
[0, 3, 4, 2, 11, 2, 9, 10, 46, 13]
[0, 2, 0, 3, 4, 2, 14, 18, 33, 24]
[3, 0, 1, 0, 5, 6, 11, 23, 36, 15]
[0, 1, 5, 4, 0, 18, 12, 45, 14, 1]
[0, 1, 1, 6, 1, 5, 12, 13, 46, 15]
[1, 5, 0, 3, 0, 6, 17, 3, 46, 19]
[3, 5, 1, 2, 2, 7, 6, 38, 10, 26]
[1, 0, 1, 6, 12, 1, 21, 5, 43, 10]
[0, 0, 4, 0, 5, 7, 8, 34, 18, 24]
[5, 1, 1, 6, 2, 9, 4, 24, 39, 9]
[0, 0, 5, 4, 5, 4, 11, 28, 36, 7]
[0, 2, 5, 0, 0, 5, 16, 19, 38, 15]
[0, 7, 5, 8, 1, 3, 24, 27, 22, 3]
[2, 0, 3, 1, 1, 11, 6, 19, 32, 25]
[3, 0, 4, 6, 2, 4, 6, 18, 40, 17]
[4, 2, 1, 2, 7, 33, 10, 19, 13, 9]
[0, 1, 0, 1, 9, 6, 3, 33, 30, 17]
[0, 1, 2, 9, 3, 5, 15, 9, 47, 9]
[2, 3, 3, 4, 3, 6, 9, 7, 51, 12]
[3, 0, 0, 5, 0, 12, 10, 41, 16, 13]
[5, 3, 0, 12, 3, 14, 2, 7, 27, 27]
[0, 3, 0, 0, 14, 1, 17, 15, 33, 17]
[0, 1, 3, 1, 18, 6, 5, 37, 16, 13]
[0, 0, 0, 2, 15, 11, 6, 7, 31, 28]
[0, 0, 0, 6, 1, 12, 27, 36, 13, 5]
[5, 0, 2, 2, 2, 15, 29, 23, 19, 3]
[6, 1, 3, 5, 6, 4, 9, 35, 29, 2]
[2, 0, 4, 7, 0, 4, 16, 12, 26, 29]
[0, 2, 5, 5, 2, 15, 2, 21, 44, 4]
[0, 3, 12, 5, 3, 0, 6, 21, 31, 19]
[2, 5, 0, 8, 7, 11, 4, 4, 52, 7]
[4, 3, 5, 2, 0, 5, 3, 22, 36, 20]
[0, 1, 8, 1, 7, 3, 13, 35, 26, 6]
[1, 4, 0, 2, 12, 2, 0, 23, 39, 17]
[0, 0, 1, 8, 1, 15, 2, 14, 32, 27]
[5, 0, 1, 0, 7, 1, 20, 25, 21, 20]
[0, 6, 7, 9, 0, 4, 5, 12, 37, 20]
[3, 4, 3, 4, 26, 2, 10, 17, 21, 10]
[0, 0, 12, 6, 2, 16, 5, 27, 27, 5]
[3, 3, 1, 4, 5, 6, 12, 14, 47, 5]
[3, 1, 1, 2, 7, 2, 8, 16, 45, 15]
[3, 1, 0, 5, 3, 6, 3, 15, 39, 25]
[2, 0, 8, 0, 2, 4, 12, 27, 30, 15]
[0, 0, 4, 3, 3, 6, 17, 39, 22, 6]
[1, 2, 0, 3, 0, 10, 5, 12, 44, 23]
[1, 0, 5, 0, 5, 5, 28, 24, 22, 10]
[2, 1, 0, 4, 10, 1, 5, 25, 40, 12]
[1, 4, 9, 3, 2, 5, 5, 7, 47, 17]
[4, 0, 7, 4, 5, 0, 32, 13, 6, 29]
[1, 0, 1, 4, 10, 3, 9, 1, 38, 33]
[0, 6, 0, 2, 20, 11, 7, 10, 36, 8]
[1, 3, 1, 3, 1, 9, 3, 37, 7, 35]
[4, 7, 3, 0, 2, 17, 6, 11, 37, 13]
[0, 0, 0, 0, 7, 20, 21, 15, 30, 7]
[0, 2, 3, 3, 8, 3, 0, 12, 39, 30]
[0, 3, 5, 0, 10, 1, 29, 27, 24, 1]
[3, 0, 2, 5, 10, 0, 35, 6, 26, 13]
[3, 0, 4, 4, 1, 25, 10, 21, 32, 0]
[3, 7, 0, 3, 1, 4, 23, 14, 27, 18]
[0, 1, 0, 2, 7, 4, 13, 25, 41, 7]
[0, 0, 0, 3, 5, 3, 17, 12, 35, 25]
[0, 3, 0, 1, 4, 0, 15, 18, 38, 21]
[4, 1, 0, 6, 9, 0, 6, 4, 50, 20]
[3, 3, 1, 4, 2, 4, 5, 23, 42, 13]
[0, 0, 0, 0, 0, 10, 27, 32, 14, 17]
[1, 1, 4, 3, 2, 9, 9, 49, 14, 8]
[2, 15, 0, 0, 5, 13, 11, 20, 24, 10]
[1, 2, 1, 0, 5, 2, 12, 27, 39, 11]
[0, 1, 1, 6, 4, 3, 26, 20, 33, 6]
[2, 2, 1, 5, 1, 9, 4, 38, 31, 7]
[1, 0, 4, 4, 0, 5, 13, 33, 39, 1]
[3, 0, 7, 7, 6, 1, 3, 29, 37, 7]
[4, 0, 0, 2, 5, 11, 6, 6, 37, 29]
[0, 0, 0, 2, 5, 10, 34, 13, 24, 12]
[0, 0, 2, 1, 13, 6, 2, 5, 51, 20]
[3, 1, 3, 3, 4, 7, 0, 39, 32, 8]
[1, 3, 3, 0, 12, 2, 7, 28, 37, 7]
[0, 4, 3, 2, 4, 2, 16, 10, 48, 11]
[0, 5, 0, 5, 2, 4, 17, 35, 25, 7]
[0, 0, 10, 5, 2, 0, 16, 7, 45, 15]
[0, 4, 6, 1, 12, 4, 36, 9, 28, 0]
[0, 2, 0, 1, 5, 6, 12, 42, 20, 12]
[0, 1, 4, 2, 11, 2, 3, 1, 47, 29]
[0, 0, 2, 0, 5, 8, 10, 31, 44, 0]
[1, 0, 8, 2, 1, 3, 12, 17, 28, 28]
[1, 6, 5, 0, 6, 5, 0, 34, 4, 39]
[0, 4, 0, 0, 8, 6, 4, 8, 46, 24]
[0, 0, 0, 4, 3, 7, 21, 39, 22, 4]
[2, 4, 2, 6, 1, 1, 10, 38, 28, 8]
[0, 0, 0, 3, 6, 5, 23, 6, 46, 11]
[0, 0, 0, 2, 4, 16, 0, 16, 34, 28]
[1, 0, 1, 4, 12, 3, 0, 24, 45, 10]
[4, 2, 4, 0, 1, 1, 22, 27, 27, 12]
[0, 0, 1, 2, 8, 0, 12, 32, 37, 8]
[5, 1, 0, 0, 7, 4, 17, 32, 28, 6]
[0, 0, 1, 0, 12, 5, 3, 14, 41, 24]
[2, 0, 1, 7, 6, 5, 11, 12, 52, 4]
[0, 1, 0, 5, 1, 8, 23, 43, 18, 1]
[0, 1, 0, 4, 0, 7, 6, 30, 42, 10]
[1, 0, 10, 8, 4, 4, 5, 35, 26, 7]
[0, 5, 0, 3, 0, 7, 7, 8, 52, 18]
[0, 3, 0, 4, 1, 2, 17, 6, 39, 28]
[0, 1, 1, 0, 9, 16, 9, 51, 13, 0]
[1, 0, 12, 0, 3, 21, 8, 17, 29, 9]
[2, 3, 4, 2, 12, 3, 2, 18, 47, 7]
[2, 0, 1, 3, 5, 5, 6, 27, 43, 8]
[0, 0, 1, 7, 6, 1, 32, 16, 28, 9]
[1, 0, 4, 11, 1, 6, 9, 2, 29, 37]
[1, 0, 1, 0, 5, 5, 10, 19, 47, 12]
[2, 4, 1, 1, 10, 6, 3, 19, 48, 6]
[0, 0, 7, 3, 7, 2, 8, 27, 46, 0]
[4, 3, 3, 1, 3, 1, 3, 26, 42, 14]
[0, 5, 2, 6, 4, 2, 3, 7, 54, 17]
[0, 0, 4, 9, 0, 12, 6, 3, 56, 10]
[0, 0, 4, 1, 3, 9, 7, 17, 50, 9]
[0, 4, 0, 6, 3, 4, 32, 10, 31, 10]
[0, 3, 5, 0, 3, 11, 44, 12, 13, 9]
[0, 7, 2, 0, 6, 2, 26, 21, 30, 6]
[1, 0, 10, 0, 3, 5, 2, 34, 27, 18]
[2, 4, 5, 6, 2, 3, 6, 16, 49, 7]
[1, 1, 3, 0, 4, 1, 9, 11, 50, 20]
[2, 0, 4, 2, 3, 23, 5, 34, 22, 5]
[0, 1, 1, 1, 2, 3, 8, 28, 43, 13]
[3, 0, 3, 7, 4, 2, 7, 12, 28, 34]
[1, 1, 1, 2, 6, 4, 7, 4, 40, 34]
[0, 3, 4, 10, 1, 6, 0, 45, 21, 10]
[4, 7, 12, 0, 2, 10, 3, 24, 33, 5]
[2, 1, 0, 0, 8, 3, 0, 18, 49, 19]
[1, 7, 8, 2, 5, 0, 3, 24, 41, 9]
[1, 5, 7, 1, 2, 6, 3, 28, 43, 4]
[4, 1, 4, 0, 3, 0, 22, 8, 45, 13]
[0, 4, 1, 1, 5, 1, 11, 1, 58, 18]
[3, 2, 3, 1, 5, 1, 16, 17, 48, 4]
[0, 0, 1, 2, 5, 6, 6, 31, 42, 7]
[0, 0, 0, 9, 2, 28, 6, 17, 26, 12]
[1, 2, 0, 5, 1, 7, 12, 12, 54, 6]
[0, 1, 0, 2, 1, 6, 2, 19, 45, 24]
[1, 0, 2, 1, 7, 5, 27, 7, 46, 4]
[3, 1, 1, 1, 1, 11, 10, 6, 56, 10]
[5, 0, 1, 3, 4, 1, 6, 27, 41, 12]
[1, 0, 0, 5, 1, 2, 29, 11, 29, 22]
[0, 0, 0, 0, 2, 8, 9, 8, 53, 20]
[0, 5, 8, 2, 5, 2, 0, 44, 20, 14]
[0, 1, 2, 0, 1, 1, 11, 15, 51, 18]
[0, 1, 5, 1, 3, 6, 13, 49, 18, 4]
[1, 0, 2, 6, 1, 4, 7, 17, 52, 10]
[1, 0, 1, 5, 1, 6, 6, 1, 61, 18]
[4, 6, 9, 0, 2, 2, 5, 44, 7, 21]
[0, 1, 0, 2, 11, 4, 1, 29, 45, 7]
[1, 0, 0, 7, 5, 0, 10, 2, 60, 15]
[0, 0, 6, 1, 4, 3, 34, 21, 23, 8]
[2, 1, 0, 4, 7, 2, 1, 23, 51, 9]
[4, 0, 3, 4, 6, 0, 9, 9, 55, 10]
[2, 0, 0, 2, 2, 2, 19, 22, 42, 9]
[2, 8, 6, 0, 9, 1, 3, 21, 44, 6]
[0, 1, 3, 2, 3, 5, 9, 20, 52, 5]
[2, 0, 1, 8, 6, 1, 1, 45, 24, 12]
[2, 1, 1, 7, 5, 0, 3, 20, 53, 8]
[1, 2, 1, 0, 1, 0, 7, 18, 48, 22]
[0, 0, 6, 1, 4, 2, 5, 21, 49, 12]
[4, 1, 2, 0, 6, 6, 0, 16, 55, 10]
[1, 0, 7, 2, 2, 0, 31, 29, 23, 5]
[0, 2, 0, 2, 0, 3, 9, 16, 52, 16]
[0, 4, 4, 0, 2, 5, 3, 20, 51, 11]
[2, 0, 1, 0, 0, 5, 1, 23, 48, 20]
[2, 2, 1, 0, 5, 0, 2, 18, 40, 30]
[5, 1, 0, 9, 9, 2, 2, 19, 50, 3]
[5, 2, 8, 2, 0, 0, 33, 24, 19, 7]
[2, 1, 5, 2, 3, 5, 9, 49, 19, 5]
[4, 0, 1, 2, 4, 5, 14, 11, 53, 6]
[1, 3, 9, 2, 0, 1, 10, 51, 11, 12]
[0, 0, 5, 3, 2, 5, 7, 21, 52, 5]
[0, 0, 0, 3, 9, 3, 8, 14, 54, 9]
[1, 0, 0, 2, 21, 7, 41, 8, 17, 3]
[1, 0, 4, 3, 3, 4, 7, 47, 22, 9]
[2, 3, 5, 1, 5, 2, 6, 21, 54, 1]
[0, 3, 0, 0, 3, 7, 8, 17, 54, 8]
[0, 0, 5, 2, 5, 4, 0, 39, 38, 7]
[1, 1, 4, 0, 0, 5, 8, 4, 41, 36]
[4, 1, 0, 6, 5, 4, 11, 11, 58, 0]
[2, 3, 3, 0, 3, 5, 5, 52, 14, 13]
[0, 1, 0, 0, 6, 8, 11, 2, 63, 9]
[0, 0, 0, 2, 0, 4, 14, 42, 27, 11]
[5, 0, 5, 2, 1, 2, 7, 14, 52, 12]
[0, 0, 0, 10, 5, 3, 4, 20, 51, 7]
[2, 1, 3, 1, 0, 3, 3, 26, 51, 10]
[0, 1, 1, 6, 0, 0, 24, 44, 19, 5]
[2, 0, 1, 4, 1, 3, 6, 4, 60, 19]
[1, 1, 0, 7, 1, 0, 4, 30, 49, 7]
[0, 2, 0, 2, 5, 1, 8, 13, 57, 12]
[0, 1, 4, 1, 5, 2, 6, 5, 62, 14]
[0, 0, 6, 0, 6, 1, 11, 10, 57, 9]
[0, 0, 3, 1, 1, 3, 9, 5, 44, 34]
[3, 0, 5, 2, 0, 4, 3, 47, 21, 15]
[2, 4, 0, 6, 0, 4, 14, 10, 58, 2]
[0, 0, 2, 0, 6, 1, 5, 9, 59, 18]
[0, 0, 0, 1, 0, 11, 6, 50, 17, 15]
[0, 0, 3, 13, 1, 4, 5, 16, 51, 7]
[0, 0, 0, 1, 6, 3, 9, 26, 52, 3]
[2, 0, 6, 0, 4, 5, 8, 50, 25, 0]
[2, 0, 3, 0, 1, 3, 8, 5, 44, 34]
[0, 0, 1, 5, 5, 2, 46, 7, 21, 13]
[2, 2, 0, 1, 1, 7, 45, 12, 18, 12]
[5, 0, 1, 1, 10, 2, 1, 13, 56, 11]
[3, 5, 0, 8, 4, 0, 0, 49, 21, 10]
[0, 0, 0, 7, 3, 4, 43, 17, 19, 7]
[2, 0, 1, 11, 2, 3, 5, 13, 55, 8]
[0, 0, 0, 2, 8, 2, 5, 22, 54, 7]
[2, 7, 1, 0, 4, 0, 11, 44, 26, 5]
[0, 0, 1, 1, 6, 1, 28, 11, 47, 5]
[1, 0, 1, 4, 1, 4, 2, 18, 58, 11]
[2, 4, 1, 5, 0, 5, 6, 14, 59, 4]
[0, 4, 2, 1, 1, 4, 2, 17, 58, 11]
[0, 3, 0, 8, 4, 5, 2, 3, 65, 10]
[1, 1, 0, 2, 3, 2, 5, 19, 57, 10]
[1, 3, 5, 3, 1, 9, 3, 5, 67, 3]
[1, 3, 4, 10, 1, 1, 2, 14, 59, 5]
[0, 0, 5, 3, 0, 2, 11, 15, 59, 5]
[2, 0, 2, 1, 6, 5, 7, 0, 68, 9]
[0, 5, 3, 3, 1, 1, 47, 15, 18, 7]
[0, 4, 8, 2, 5, 4, 4, 7, 63, 3]
[0, 2, 1, 3, 9, 6, 3, 4, 71, 1]
[0, 0, 0, 0, 3, 4, 43, 22, 20, 8]
[0, 0, 1, 3, 2, 4, 13, 4, 67, 6]
[4, 1, 0, 0, 3, 5, 2, 5, 70, 10]
[0, 0, 1, 6, 0, 3, 1, 8, 72, 9]
