[0, 0, 0, 0, 0, 0, 0, 5, 44, 51]
[0, 0, 0, 0, 1, 1, 22, 27, 26, 23]
[0, 0, 1, 2, 6, 13, 28, 9, 0, 41]
[0, 0, 0, 0, 0, 1, 0, 5, 44, 50]
[0, 0, 0, 0, 3, 8, 32, 37, 18, 2]
[0, 0, 1, 2, 5, 7, 31, 34, 14, 6]

w22
[0, 1, 4, 15, 22, 22, 23, 2, 7, 4]

w31
[1, 4, 5, 1, 12, 15, 2, 1, 28, 31]
[0, 5, 6, 0, 12, 17, 2, 27, 28, 3]
[0, 3, 4, 0, 17, 22, 0, 23, 28, 3]
[0, 2, 3, 0, 17, 22, 1, 23, 28, 4]
[2, 3, 3, 2, 2, 22, 24, 3, 28, 11]
[1, 2, 3, 1, 17, 22, 1, 23, 26, 4]
[1, 5, 7, 1, 11, 17, 3, 22, 31, 2]

w32
[2, 5, 7, 2, 2, 23, 27, 24, 6, 2]
[2, 2, 2, 2, 2, 2, 23, 32, 29, 4]
[2, 3, 3, 2, 2, 3, 25, 27, 28, 5]
[2, 4, 6, 9, 11, 21, 25, 21, 1, 0]

w41
[1, 2, 6, 9, 2, 22, 23, 27, 6, 2]
[1, 1, 4, 5, 7, 4, 31, 1, 43, 3]
[1, 2, 3, 2, 2, 2, 27, 28, 31, 2]
[1, 1, 4, 5, 7, 4, 31, 1, 43, 3]
[1, 2, 3, 2, 2, 15, 22, 23, 28, 2]
[1, 2, 3, 2, 3, 23, 27, 28, 7, 4]

w42
[2, 4, 3, 2, 2, 2, 23, 27, 3, 32]
[2, 2, 3, 2, 3, 2, 23, 28, 3, 32]
[2, 3, 3, 4, 4, 4, 22, 27, 28, 3]