[0, 0, 0, 0, 0, 0, 0, 5, 44, 51]
[0, 0, 0, 0, 0, 0, 0, 5, 44, 51]
[0, 0, 0, 0, 0, 0, 0, 3, 46, 51]
[0, 0, 0, 0, 0, 0, 0, 3, 46, 51]
[0, 0, 0, 0, 0, 1, 0, 5, 44, 50]
[0, 0, 0, 0, 0, 1, 0, 5, 45, 49]
[0, 0, 0, 0, 0, 1, 0, 5, 45, 49]
[0, 0, 0, 0, 0, 1, 0, 5, 45, 49]
[0, 0, 0, 1, 5, 12, 26, 0, 34, 22]
[0, 0, 0, 1, 5, 12, 26, 0, 34, 22]
[0, 0, 0, 1, 5, 12, 26, 0, 34, 22]
[0, 0, 0, 1, 5, 12, 26, 0, 34, 22]
[0, 0, 0, 1, 5, 12, 26, 0, 34, 22]
[0, 0, 0, 1, 5, 12, 26, 0, 34, 22]
[0, 0, 0, 1, 4, 11, 26, 2, 32, 24]
[0, 0, 0, 1, 3, 11, 26, 2, 32, 25]
[0, 0, 0, 1, 3, 11, 26, 2, 32, 25]
[0, 0, 0, 1, 3, 11, 26, 2, 32, 25]
[0, 0, 0, 1, 3, 11, 26, 2, 32, 25]
[0, 0, 0, 1, 3, 11, 26, 2, 32, 25]
[0, 0, 0, 1, 4, 12, 26, 1, 32, 24]
[0, 0, 0, 1, 4, 12, 26, 1, 32, 24]
[0, 0, 0, 1, 4, 12, 26, 1, 32, 24]
[0, 0, 0, 1, 4, 12, 26, 1, 32, 24]
[0, 0, 0, 1, 4, 12, 26, 1, 32, 24]
[0, 0, 0, 1, 4, 12, 26, 1, 32, 24]
[0, 0, 0, 1, 4, 12, 26, 1, 32, 24]
[0, 0, 0, 1, 3, 3, 27, 2, 39, 25]
[0, 0, 0, 1, 3, 3, 27, 2, 39, 25]
[0, 0, 0, 1, 3, 3, 27, 2, 39, 25]
[0, 0, 0, 1, 3, 3, 27, 2, 39, 25]
[0, 0, 0, 1, 3, 3, 27, 2, 39, 25]
[0, 0, 0, 1, 3, 3, 27, 2, 39, 25]
[0, 0, 0, 1, 3, 3, 27, 2, 39, 25]
[0, 0, 0, 1, 3, 3, 27, 2, 39, 25]
[0, 0, 0, 1, 3, 3, 27, 2, 39, 25]
[0, 0, 0, 1, 3, 3, 27, 2, 39, 25]
[0, 0, 0, 1, 3, 3, 27, 2, 39, 25]
[0, 0, 0, 1, 3, 3, 27, 2, 39, 25]
[0, 0, 0, 2, 6, 15, 26, 10, 32, 9]
[0, 0, 0, 2, 6, 15, 26, 10, 32, 9]
[0, 0, 0, 2, 6, 15, 26, 10, 32, 9]
[0, 0, 0, 2, 6, 15, 26, 10, 32, 9]
[0, 0, 0, 2, 6, 15, 26, 10, 32, 9]
[0, 0, 0, 2, 6, 15, 26, 10, 32, 9]
[0, 0, 0, 2, 6, 15, 26, 10, 32, 9]
[0, 0, 0, 2, 6, 15, 26, 10, 32, 9]
[0, 0, 0, 2, 6, 15, 26, 10, 32, 9]
[0, 0, 0, 2, 6, 15, 26, 10, 32, 9]
[0, 0, 0, 2, 6, 15, 26, 10, 32, 9]
[0, 0, 0, 2, 6, 15, 26, 10, 32, 9]
[0, 0, 0, 2, 6, 15, 26, 10, 32, 9]
[0, 0, 0, 1, 5, 12, 24, 2, 34, 22]
[0, 0, 0, 1, 5, 12, 24, 2, 34, 22]
[0, 0, 0, 1, 5, 12, 24, 2, 34, 22]
[0, 0, 0, 1, 5, 12, 24, 2, 34, 22]
[0, 0, 0, 1, 5, 12, 24, 2, 34, 22]
[0, 0, 0, 1, 5, 12, 24, 2, 34, 22]
[0, 0, 0, 1, 5, 12, 24, 2, 34, 22]
[0, 0, 0, 1, 5, 12, 24, 2, 34, 22]
[0, 0, 0, 1, 5, 12, 24, 2, 34, 22]
[0, 0, 0, 1, 5, 12, 24, 2, 30, 26]
[0, 0, 0, 1, 5, 12, 24, 2, 30, 26]
[0, 0, 0, 1, 5, 12, 24, 2, 30, 26]
[0, 0, 0, 1, 5, 12, 24, 2, 30, 26]
[0, 0, 0, 1, 5, 12, 24, 2, 30, 26]
[0, 0, 0, 1, 5, 12, 23, 2, 31, 26]
[0, 0, 0, 1, 5, 12, 23, 2, 31, 26]
[0, 0, 0, 1, 5, 12, 23, 2, 31, 26]
[0, 0, 0, 1, 5, 12, 23, 2, 31, 26]
[0, 0, 0, 1, 5, 12, 23, 2, 31, 26]
[0, 0, 0, 1, 5, 12, 23, 2, 31, 26]
[0, 0, 0, 1, 5, 12, 23, 2, 31, 26]
[0, 0, 0, 0, 0, 1, 3, 7, 43, 46]
[0, 0, 0, 0, 0, 1, 3, 7, 43, 46]
[0, 0, 0, 0, 0, 1, 3, 7, 43, 46]
[0, 0, 0, 0, 0, 1, 3, 7, 43, 46]
[0, 0, 0, 0, 0, 1, 3, 7, 43, 46]
[0, 0, 0, 0, 0, 1, 3, 7, 43, 46]
[0, 0, 0, 0, 0, 1, 3, 7, 43, 46]
[0, 0, 0, 0, 0, 1, 3, 7, 43, 46]
[0, 0, 0, 0, 0, 1, 3, 7, 43, 46]
[0, 0, 0, 0, 0, 1, 3, 7, 43, 46]
[0, 0, 0, 0, 0, 1, 3, 7, 43, 46]
[0, 0, 0, 0, 0, 1, 3, 7, 43, 46]
[0, 0, 0, 0, 0, 1, 3, 7, 43, 46]
[0, 0, 0, 0, 0, 1, 3, 7, 43, 46]
[0, 0, 0, 0, 0, 1, 3, 7, 43, 46]
[0, 0, 0, 0, 0, 1, 3, 7, 43, 46]
[0, 0, 0, 0, 0, 1, 3, 7, 43, 46]
[0, 0, 0, 1, 5, 12, 23, 4, 38, 17]
[0, 0, 0, 1, 5, 12, 23, 4, 38, 17]
[0, 0, 0, 1, 5, 12, 23, 4, 38, 17]
[0, 0, 0, 1, 5, 12, 23, 4, 38, 17]
[0, 0, 0, 0, 0, 0, 0, 20, 37, 43]
[0, 0, 0, 0, 0, 0, 0, 20, 37, 43]
[0, 0, 0, 0, 0, 0, 0, 20, 37, 43]
[0, 0, 0, 0, 0, 0, 0, 20, 37, 43]
[0, 0, 0, 0, 0, 0, 0, 20, 37, 43]
[0, 0, 0, 1, 5, 19, 24, 0, 33, 18]
[0, 0, 0, 1, 5, 19, 24, 0, 33, 18]
[0, 0, 0, 1, 5, 19, 24, 0, 33, 18]
[0, 0, 0, 1, 5, 19, 24, 0, 33, 18]
[0, 0, 0, 1, 5, 19, 24, 0, 33, 18]
[0, 0, 0, 0, 0, 2, 4, 18, 37, 39]
[0, 0, 0, 0, 0, 2, 4, 18, 37, 39]
[0, 0, 0, 0, 0, 2, 4, 18, 37, 39]
[0, 0, 0, 0, 0, 2, 4, 18, 37, 39]
[0, 0, 0, 0, 0, 2, 4, 18, 37, 39]
[0, 0, 0, 0, 0, 2, 4, 18, 37, 39]
[0, 0, 0, 1, 5, 12, 23, 2, 38, 19]
[0, 0, 0, 1, 5, 12, 23, 2, 38, 19]
[0, 0, 0, 1, 5, 12, 23, 2, 38, 19]
[0, 0, 0, 1, 5, 12, 23, 2, 38, 19]
[0, 0, 0, 1, 5, 12, 23, 2, 38, 19]
[0, 0, 0, 1, 5, 12, 23, 2, 38, 19]
[0, 0, 0, 1, 5, 12, 23, 2, 38, 19]
[0, 0, 0, 0, 3, 10, 17, 6, 36, 28]
[0, 0, 0, 0, 3, 10, 17, 6, 36, 28]
[0, 0, 0, 0, 3, 10, 17, 6, 36, 28]
[0, 0, 0, 0, 1, 14, 4, 12, 41, 28]
[0, 0, 0, 0, 1, 14, 4, 12, 41, 28]
[0, 0, 0, 0, 1, 14, 4, 12, 41, 28]
[0, 0, 0, 0, 1, 14, 4, 12, 41, 28]
[0, 0, 0, 0, 1, 14, 4, 12, 41, 28]
[0, 0, 0, 2, 5, 12, 22, 4, 38, 17]
[0, 0, 0, 0, 0, 9, 9, 8, 37, 37]
[0, 0, 0, 0, 0, 9, 9, 8, 37, 37]
[0, 0, 0, 0, 0, 9, 9, 8, 37, 37]
[0, 0, 0, 0, 0, 2, 2, 22, 39, 35]
[0, 0, 0, 0, 0, 2, 2, 22, 39, 35]
[0, 0, 0, 0, 0, 2, 2, 22, 39, 35]
[0, 0, 0, 0, 0, 2, 2, 22, 39, 35]
[0, 0, 0, 0, 0, 2, 2, 22, 39, 35]
[0, 0, 0, 0, 0, 8, 4, 12, 42, 34]
[0, 0, 0, 0, 0, 8, 4, 12, 42, 34]
[0, 0, 0, 0, 0, 8, 4, 12, 42, 34]
[0, 0, 0, 0, 0, 8, 4, 12, 42, 34]
[0, 0, 0, 1, 4, 8, 2, 14, 36, 35]
[0, 0, 0, 1, 4, 8, 2, 14, 36, 35]
[0, 0, 0, 1, 4, 8, 2, 14, 36, 35]
[0, 0, 0, 0, 3, 7, 12, 8, 35, 35]
[0, 0, 0, 0, 3, 7, 12, 8, 35, 35]
[0, 0, 0, 1, 5, 19, 24, 4, 31, 16]
[0, 0, 0, 1, 5, 19, 24, 4, 31, 16]
[0, 0, 0, 1, 5, 19, 24, 4, 31, 16]
[0, 0, 0, 1, 5, 19, 24, 4, 31, 16]
[0, 0, 0, 1, 5, 19, 24, 4, 31, 16]
[0, 0, 0, 1, 5, 19, 24, 4, 31, 16]
[0, 0, 0, 1, 5, 19, 24, 4, 31, 16]
[0, 0, 0, 1, 5, 19, 24, 4, 31, 16]
[0, 0, 0, 1, 5, 19, 24, 4, 31, 16]
[0, 0, 0, 1, 5, 19, 24, 1, 31, 19]
[0, 0, 0, 1, 5, 19, 24, 1, 31, 19]
[0, 0, 0, 1, 5, 19, 24, 1, 31, 19]
[0, 0, 0, 1, 5, 19, 24, 1, 31, 19]
[0, 0, 0, 1, 5, 19, 24, 1, 31, 19]
[0, 0, 0, 0, 0, 8, 3, 7, 43, 39]
[0, 0, 0, 0, 0, 8, 3, 7, 43, 39]
[0, 0, 0, 0, 0, 8, 3, 7, 43, 39]
[0, 0, 0, 0, 0, 8, 3, 7, 43, 39]
[0, 0, 0, 0, 0, 8, 3, 7, 43, 39]
[0, 0, 0, 0, 0, 8, 3, 7, 43, 39]
[0, 0, 0, 0, 0, 8, 3, 7, 43, 39]
[0, 0, 0, 0, 0, 8, 3, 7, 43, 39]
[0, 0, 0, 0, 0, 0, 5, 38, 29, 28]
[0, 0, 0, 0, 0, 0, 5, 38, 29, 28]
[0, 0, 0, 2, 3, 20, 21, 23, 0, 31]
[0, 0, 0, 2, 3, 20, 21, 23, 0, 31]
[0, 0, 0, 0, 0, 1, 5, 38, 29, 27]
[0, 0, 0, 0, 0, 1, 5, 38, 29, 27]
[0, 0, 0, 0, 0, 1, 5, 38, 29, 27]
[0, 0, 0, 0, 0, 1, 5, 38, 29, 27]
[0, 0, 0, 0, 0, 1, 5, 38, 29, 27]
[0, 0, 0, 0, 0, 1, 5, 38, 29, 27]
[0, 0, 0, 0, 0, 9, 11, 15, 37, 28]
[0, 0, 0, 0, 0, 9, 11, 15, 37, 28]
[0, 0, 0, 0, 0, 9, 11, 15, 37, 28]
[0, 0, 0, 1, 5, 19, 23, 2, 31, 19]
[0, 0, 0, 1, 5, 19, 23, 2, 31, 19]
[0, 0, 0, 1, 5, 19, 23, 2, 31, 19]
[0, 0, 0, 1, 12, 12, 21, 25, 1, 28]
[0, 0, 0, 1, 12, 12, 21, 25, 1, 28]
[0, 0, 0, 4, 5, 8, 20, 8, 38, 17]
[0, 0, 0, 3, 3, 9, 9, 8, 34, 34]
[0, 0, 0, 3, 3, 9, 9, 8, 34, 34]
[0, 0, 0, 3, 3, 9, 9, 8, 34, 34]
[0, 0, 0, 3, 3, 9, 9, 8, 34, 34]
[0, 0, 0, 3, 3, 9, 9, 8, 34, 34]
[0, 0, 0, 0, 1, 2, 1, 28, 28, 40]
[0, 0, 0, 0, 1, 2, 1, 28, 28, 40]
[0, 0, 0, 0, 1, 2, 1, 28, 28, 40]
[0, 0, 0, 0, 1, 2, 1, 28, 28, 40]
[0, 0, 0, 0, 1, 2, 1, 28, 28, 40]
[0, 0, 0, 0, 1, 3, 8, 30, 13, 45]
[0, 0, 0, 0, 1, 3, 8, 30, 13, 45]
[0, 0, 0, 0, 1, 3, 8, 30, 13, 45]
[0, 0, 0, 0, 1, 3, 8, 30, 13, 45]
[0, 0, 0, 0, 1, 3, 2, 43, 27, 24]
[0, 0, 0, 0, 3, 6, 25, 17, 32, 17]
[0, 0, 0, 2, 3, 21, 20, 17, 14, 23]
[0, 0, 0, 2, 3, 21, 20, 17, 14, 23]
[0, 0, 0, 2, 3, 21, 20, 17, 14, 23]
[0, 0, 0, 2, 3, 21, 20, 17, 14, 23]
[0, 0, 0, 1, 2, 16, 25, 29, 25, 2]
[0, 0, 0, 1, 2, 16, 25, 29, 25, 2]
[0, 0, 0, 1, 2, 16, 25, 29, 25, 2]
[0, 0, 0, 1, 2, 16, 25, 29, 25, 2]
[0, 0, 0, 1, 2, 16, 25, 29, 25, 2]
[0, 0, 0, 0, 0, 3, 13, 32, 22, 30]
[0, 0, 0, 0, 0, 3, 13, 32, 22, 30]
[0, 0, 0, 0, 0, 3, 13, 32, 22, 30]
[0, 0, 0, 0, 0, 3, 13, 32, 22, 30]
[0, 0, 0, 0, 1, 0, 13, 31, 8, 47]
[0, 0, 0, 0, 1, 0, 13, 31, 8, 47]
[0, 0, 0, 0, 1, 0, 13, 31, 8, 47]
[0, 0, 0, 0, 1, 0, 13, 31, 8, 47]
[0, 0, 0, 0, 1, 0, 13, 31, 8, 47]
[0, 0, 0, 0, 1, 0, 13, 31, 8, 47]
[0, 0, 0, 0, 1, 0, 13, 31, 8, 47]
[0, 0, 0, 0, 1, 0, 13, 31, 8, 47]
[0, 0, 0, 0, 1, 0, 13, 31, 8, 47]
[0, 0, 0, 0, 0, 1, 13, 32, 24, 30]
[0, 0, 0, 0, 0, 1, 13, 32, 24, 30]
[0, 0, 0, 0, 0, 1, 13, 32, 24, 30]
[0, 0, 0, 0, 0, 1, 13, 32, 24, 30]
[0, 0, 0, 0, 0, 1, 13, 32, 24, 30]
[0, 0, 0, 0, 0, 1, 13, 32, 24, 30]
[0, 0, 0, 0, 0, 1, 13, 32, 24, 30]
[0, 0, 0, 0, 0, 6, 21, 17, 36, 20]
[0, 0, 0, 0, 0, 6, 21, 17, 36, 20]
[0, 0, 0, 0, 0, 6, 21, 17, 36, 20]
[0, 0, 0, 0, 0, 6, 21, 17, 36, 20]
[0, 0, 0, 0, 0, 6, 21, 17, 36, 20]
[0, 0, 0, 0, 0, 6, 21, 17, 36, 20]
[0, 0, 0, 0, 1, 3, 17, 28, 13, 38]
[0, 0, 0, 0, 1, 3, 17, 28, 13, 38]
[0, 0, 0, 0, 1, 3, 17, 28, 13, 38]
[0, 0, 0, 0, 1, 3, 17, 28, 13, 38]
[0, 0, 0, 0, 2, 3, 17, 28, 13, 37]
[0, 0, 0, 0, 2, 3, 17, 28, 13, 37]
[0, 0, 0, 0, 2, 3, 17, 28, 13, 37]
[0, 0, 0, 0, 2, 3, 17, 28, 13, 37]
[0, 0, 0, 0, 1, 11, 8, 28, 45, 7]
[0, 0, 0, 0, 1, 11, 8, 28, 45, 7]
[0, 0, 0, 0, 1, 11, 8, 28, 45, 7]
[0, 0, 0, 0, 1, 11, 8, 28, 45, 7]
[0, 0, 0, 3, 7, 17, 7, 24, 21, 21]
[0, 0, 0, 3, 7, 17, 7, 24, 21, 21]
[0, 0, 0, 3, 7, 17, 7, 24, 21, 21]
[0, 0, 0, 3, 7, 17, 7, 24, 21, 21]
[0, 0, 0, 3, 7, 17, 7, 24, 21, 21]
[0, 0, 0, 0, 0, 1, 17, 28, 23, 31]
[0, 0, 0, 0, 0, 1, 17, 28, 23, 31]
[0, 0, 0, 0, 0, 1, 17, 28, 23, 31]
[0, 0, 0, 0, 0, 1, 17, 28, 23, 31]
[0, 0, 0, 0, 0, 1, 17, 28, 23, 31]
[0, 0, 0, 0, 0, 1, 17, 28, 23, 31]
[0, 0, 0, 1, 6, 16, 18, 36, 23, 0]
[0, 0, 0, 1, 6, 16, 18, 36, 23, 0]
[0, 0, 0, 1, 6, 16, 18, 36, 23, 0]
[0, 0, 0, 0, 2, 3, 8, 26, 25, 36]
[0, 0, 0, 0, 2, 3, 8, 26, 25, 36]
[0, 0, 0, 0, 2, 3, 8, 26, 25, 36]
[0, 0, 0, 0, 2, 3, 8, 26, 25, 36]
[0, 0, 0, 0, 2, 3, 8, 26, 25, 36]
[0, 0, 0, 0, 2, 3, 8, 26, 25, 36]
[0, 0, 0, 0, 2, 3, 8, 26, 25, 36]
[0, 0, 0, 0, 2, 3, 8, 26, 25, 36]
[0, 0, 0, 0, 2, 3, 8, 26, 25, 36]
[0, 0, 0, 0, 2, 3, 8, 26, 25, 36]
[0, 0, 0, 0, 2, 3, 8, 26, 25, 36]
[0, 0, 0, 3, 4, 14, 17, 30, 7, 25]
[0, 0, 0, 3, 4, 14, 17, 30, 7, 25]
[0, 0, 0, 3, 4, 14, 17, 30, 7, 25]
[0, 0, 0, 3, 4, 14, 17, 30, 7, 25]
[0, 0, 0, 3, 4, 14, 17, 30, 7, 25]
[0, 0, 0, 3, 4, 14, 17, 30, 7, 25]
[0, 0, 0, 3, 4, 14, 17, 30, 7, 25]
[0, 0, 0, 0, 0, 0, 14, 37, 31, 18]
[0, 0, 0, 0, 0, 0, 14, 37, 31, 18]
[0, 0, 0, 0, 0, 0, 14, 37, 31, 18]
[0, 0, 0, 0, 0, 0, 14, 37, 31, 18]
[0, 0, 0, 3, 4, 14, 17, 14, 7, 41]
[0, 0, 0, 3, 4, 14, 17, 14, 7, 41]
[0, 0, 0, 3, 4, 14, 17, 14, 7, 41]
[0, 0, 0, 6, 6, 16, 18, 36, 18, 0]
[0, 0, 0, 0, 0, 2, 19, 37, 29, 13]
[0, 0, 0, 0, 0, 2, 19, 37, 29, 13]
[0, 0, 0, 0, 0, 2, 19, 37, 29, 13]
[0, 0, 0, 0, 0, 2, 19, 37, 29, 13]
[0, 0, 0, 0, 0, 2, 19, 37, 29, 13]
[0, 0, 0, 0, 1, 10, 12, 25, 8, 44]
[0, 0, 0, 0, 1, 10, 12, 25, 8, 44]
[0, 0, 0, 0, 1, 10, 12, 25, 8, 44]
[0, 0, 0, 0, 1, 10, 12, 25, 8, 44]
[0, 0, 0, 0, 1, 10, 12, 25, 8, 44]
[0, 0, 0, 0, 1, 10, 12, 25, 8, 44]
[0, 0, 0, 0, 1, 10, 12, 25, 8, 44]
[0, 0, 0, 1, 2, 9, 24, 29, 30, 5]
[0, 0, 0, 1, 2, 9, 24, 29, 30, 5]
[0, 0, 0, 1, 2, 9, 24, 29, 30, 5]
[0, 0, 0, 1, 2, 9, 24, 29, 30, 5]
[0, 0, 0, 1, 2, 9, 24, 29, 30, 5]
[0, 0, 0, 1, 2, 9, 24, 29, 30, 5]
[0, 0, 0, 1, 2, 9, 24, 29, 30, 5]
[0, 0, 0, 1, 2, 9, 24, 29, 30, 5]
[0, 0, 0, 1, 2, 9, 24, 29, 30, 5]
[0, 0, 0, 1, 2, 9, 24, 29, 30, 5]
[0, 0, 0, 1, 2, 9, 24, 29, 30, 5]
[0, 0, 0, 1, 2, 9, 24, 29, 30, 5]
[0, 0, 0, 1, 2, 9, 24, 29, 30, 5]
[0, 0, 0, 1, 2, 9, 24, 29, 30, 5]
[0, 0, 0, 1, 2, 16, 18, 36, 26, 1]
[0, 0, 0, 1, 2, 16, 18, 36, 26, 1]
[0, 0, 0, 5, 14, 9, 15, 3, 30, 24]
[0, 0, 0, 1, 2, 7, 18, 36, 26, 10]
[0, 0, 0, 1, 2, 7, 18, 36, 26, 10]
[0, 0, 0, 1, 2, 7, 18, 36, 26, 10]
[0, 0, 0, 0, 0, 7, 19, 37, 29, 8]
[0, 0, 0, 0, 0, 7, 19, 37, 29, 8]
[0, 0, 0, 0, 0, 7, 19, 37, 29, 8]
[0, 0, 0, 0, 1, 7, 19, 37, 29, 7]
[0, 0, 0, 0, 1, 7, 19, 37, 29, 7]
[0, 0, 0, 0, 1, 7, 19, 37, 29, 7]
[0, 0, 0, 0, 1, 7, 19, 37, 29, 7]
[0, 0, 0, 0, 4, 15, 25, 25, 16, 15]
[0, 0, 0, 0, 4, 15, 25, 25, 16, 15]
[0, 0, 0, 0, 4, 15, 25, 25, 16, 15]
[0, 0, 0, 0, 4, 15, 25, 25, 16, 15]
[0, 0, 0, 0, 4, 15, 25, 25, 16, 15]
[0, 0, 0, 0, 4, 15, 25, 25, 16, 15]
[0, 0, 0, 0, 4, 15, 25, 25, 16, 15]
[0, 0, 0, 0, 4, 15, 25, 25, 16, 15]
[0, 0, 0, 0, 4, 15, 25, 25, 16, 15]
[0, 0, 0, 0, 6, 20, 3, 21, 10, 40]
[0, 0, 0, 0, 2, 5, 19, 36, 26, 12]
[0, 0, 0, 0, 2, 5, 19, 36, 26, 12]
[0, 0, 0, 0, 2, 5, 19, 36, 26, 12]
[0, 0, 0, 0, 2, 5, 19, 36, 26, 12]
[0, 0, 0, 0, 2, 5, 19, 36, 26, 12]
[0, 0, 0, 0, 2, 5, 19, 36, 26, 12]
[0, 0, 0, 0, 2, 5, 19, 36, 26, 12]
[0, 0, 0, 0, 2, 5, 19, 36, 26, 12]
[0, 0, 0, 0, 1, 1, 14, 23, 11, 50]
[0, 0, 0, 0, 1, 1, 14, 23, 11, 50]
[0, 0, 0, 0, 1, 1, 14, 23, 11, 50]
[0, 0, 0, 0, 1, 1, 14, 23, 11, 50]
[0, 0, 0, 0, 1, 1, 14, 23, 11, 50]
[0, 0, 0, 0, 1, 1, 14, 23, 11, 50]
[0, 0, 0, 0, 1, 1, 14, 23, 11, 50]
[0, 0, 0, 0, 1, 1, 14, 23, 11, 50]
[0, 0, 0, 1, 6, 16, 17, 36, 17, 7]
[0, 0, 0, 1, 6, 16, 17, 36, 17, 7]
[0, 0, 0, 1, 6, 11, 19, 28, 28, 7]
[0, 0, 0, 1, 6, 11, 19, 28, 28, 7]
[0, 0, 0, 1, 6, 11, 19, 28, 28, 7]
[0, 0, 0, 1, 6, 11, 19, 28, 28, 7]
[0, 0, 0, 1, 6, 11, 19, 28, 28, 7]
[0, 0, 0, 1, 6, 11, 19, 28, 28, 7]
[0, 0, 0, 0, 0, 2, 23, 32, 22, 21]
[0, 0, 0, 0, 0, 2, 23, 32, 22, 21]
[0, 0, 0, 0, 0, 2, 23, 32, 22, 21]
[0, 0, 0, 0, 0, 2, 23, 32, 22, 21]
[0, 0, 0, 0, 0, 2, 23, 32, 22, 21]
[0, 0, 0, 0, 0, 2, 23, 32, 22, 21]
[0, 0, 0, 0, 0, 2, 23, 32, 22, 21]
[0, 0, 0, 0, 0, 2, 23, 32, 22, 21]
[0, 0, 0, 5, 7, 17, 7, 24, 21, 19]
[0, 0, 0, 5, 7, 17, 7, 24, 21, 19]
[0, 0, 0, 5, 7, 17, 7, 24, 21, 19]
[0, 0, 0, 5, 7, 17, 7, 24, 21, 19]
[0, 0, 0, 5, 7, 17, 7, 24, 21, 19]
[0, 0, 0, 5, 7, 17, 7, 24, 21, 19]
[0, 0, 0, 2, 4, 11, 21, 23, 17, 22]
[0, 0, 0, 2, 4, 11, 21, 23, 17, 22]
[0, 0, 0, 2, 4, 11, 21, 23, 17, 22]
[0, 0, 0, 2, 4, 11, 21, 23, 17, 22]
[0, 0, 0, 2, 4, 11, 21, 23, 17, 22]
[0, 0, 0, 0, 0, 4, 23, 27, 25, 21]
[0, 0, 0, 0, 0, 4, 23, 27, 25, 21]
[0, 0, 0, 0, 0, 4, 23, 27, 25, 21]
[0, 0, 0, 0, 0, 4, 23, 27, 25, 21]
[0, 0, 0, 0, 0, 4, 23, 27, 25, 21]
[0, 0, 0, 0, 0, 4, 23, 27, 25, 21]
[0, 0, 0, 0, 0, 4, 23, 27, 25, 21]
[0, 0, 0, 0, 1, 10, 12, 26, 7, 44]
[0, 0, 0, 0, 1, 10, 12, 26, 7, 44]
[0, 0, 0, 0, 1, 10, 12, 26, 7, 44]
[0, 0, 0, 0, 1, 10, 12, 26, 7, 44]
[0, 0, 0, 0, 1, 10, 12, 26, 7, 44]
[0, 0, 0, 0, 1, 10, 12, 26, 7, 44]
[0, 0, 0, 0, 1, 10, 12, 26, 7, 44]
[0, 0, 0, 0, 1, 10, 12, 26, 7, 44]
[0, 0, 0, 0, 1, 10, 12, 26, 7, 44]
[0, 0, 0, 1, 2, 17, 18, 36, 25, 1]
[0, 0, 0, 1, 2, 17, 18, 36, 25, 1]
[0, 0, 0, 1, 2, 17, 18, 36, 25, 1]
[0, 0, 0, 1, 2, 17, 18, 36, 25, 1]
[0, 0, 0, 0, 2, 16, 18, 34, 22, 8]
[0, 0, 0, 0, 2, 16, 18, 34, 22, 8]
[0, 0, 0, 0, 2, 16, 18, 34, 22, 8]
[0, 0, 0, 1, 2, 16, 18, 36, 25, 2]
[0, 0, 0, 1, 2, 16, 18, 36, 25, 2]
[0, 0, 0, 1, 2, 16, 18, 36, 25, 2]
[0, 0, 0, 0, 6, 3, 23, 21, 9, 38]
[0, 0, 0, 0, 6, 3, 23, 21, 9, 38]
[0, 0, 0, 2, 4, 17, 22, 23, 19, 13]
[0, 0, 0, 2, 4, 17, 22, 23, 19, 13]
[0, 0, 0, 2, 4, 17, 22, 23, 19, 13]
[0, 0, 0, 2, 4, 17, 22, 23, 19, 13]
[0, 0, 0, 0, 4, 10, 16, 23, 7, 40]
[0, 0, 0, 0, 4, 10, 16, 23, 7, 40]
[0, 0, 0, 0, 4, 10, 16, 23, 7, 40]
[0, 0, 0, 0, 4, 10, 16, 23, 7, 40]
[0, 0, 0, 0, 4, 10, 16, 23, 7, 40]
[0, 0, 0, 0, 4, 10, 16, 23, 7, 40]
[0, 0, 0, 0, 2, 16, 18, 36, 26, 2]
[0, 0, 0, 0, 2, 16, 18, 36, 26, 2]
[0, 0, 0, 0, 6, 13, 13, 21, 7, 40]
[0, 0, 0, 0, 6, 13, 13, 21, 7, 40]
[0, 0, 0, 0, 6, 13, 13, 21, 7, 40]
[0, 0, 0, 0, 6, 13, 13, 21, 7, 40]
[0, 0, 0, 0, 6, 13, 13, 21, 7, 40]
[0, 0, 0, 0, 2, 7, 19, 37, 28, 7]
[0, 0, 0, 0, 2, 7, 19, 37, 28, 7]
[0, 0, 0, 0, 2, 7, 19, 37, 28, 7]
[0, 0, 0, 0, 2, 7, 19, 37, 28, 7]
[0, 0, 0, 0, 2, 7, 19, 37, 28, 7]
[0, 0, 0, 0, 2, 7, 19, 37, 28, 7]
[0, 0, 0, 0, 2, 7, 19, 37, 28, 7]
[0, 0, 0, 0, 2, 7, 19, 37, 28, 7]
[0, 0, 0, 0, 2, 7, 19, 37, 28, 7]
[0, 0, 0, 0, 2, 7, 19, 37, 28, 7]
[0, 0, 0, 0, 6, 16, 18, 31, 24, 5]
[0, 0, 0, 0, 4, 10, 12, 23, 7, 44]
[0, 0, 3, 4, 4, 10, 6, 15, 48, 10]
[0, 0, 3, 4, 4, 10, 6, 15, 48, 10]
[0, 0, 3, 4, 4, 10, 6, 15, 48, 10]
[0, 0, 0, 1, 9, 17, 10, 23, 20, 20]
[0, 0, 0, 1, 9, 17, 10, 23, 20, 20]
[0, 0, 0, 1, 9, 17, 10, 23, 20, 20]
[0, 0, 0, 1, 9, 17, 10, 23, 20, 20]
[0, 0, 0, 1, 9, 17, 10, 23, 20, 20]
[0, 0, 0, 1, 9, 17, 10, 23, 20, 20]
[0, 0, 0, 5, 3, 10, 20, 17, 32, 13]
[0, 0, 0, 5, 3, 10, 20, 17, 32, 13]
[0, 0, 0, 5, 3, 10, 20, 17, 32, 13]
[0, 0, 0, 5, 3, 10, 20, 17, 32, 13]
[0, 0, 0, 5, 3, 10, 20, 17, 32, 13]
[0, 0, 0, 3, 4, 14, 17, 30, 14, 18]
[0, 0, 0, 3, 4, 14, 17, 30, 14, 18]
[0, 0, 0, 3, 4, 14, 17, 30, 14, 18]
[0, 0, 0, 3, 4, 14, 17, 30, 14, 18]
[0, 0, 0, 3, 4, 14, 17, 30, 14, 18]
[0, 0, 0, 3, 4, 14, 17, 30, 14, 18]
[0, 0, 0, 3, 4, 14, 17, 30, 14, 18]
[0, 0, 0, 3, 4, 14, 17, 30, 14, 18]
[0, 0, 0, 3, 4, 14, 17, 30, 14, 18]
[0, 0, 0, 4, 4, 10, 8, 15, 48, 11]
[0, 0, 0, 4, 4, 10, 8, 15, 48, 11]
[0, 0, 0, 4, 4, 10, 8, 15, 48, 11]
[0, 0, 0, 4, 4, 10, 8, 15, 48, 11]
[0, 0, 0, 0, 0, 7, 23, 27, 22, 21]
[0, 0, 0, 0, 0, 7, 23, 27, 22, 21]
[0, 0, 0, 0, 0, 7, 23, 27, 22, 21]
[0, 0, 0, 0, 2, 16, 18, 34, 24, 6]
[0, 0, 0, 0, 2, 16, 18, 34, 24, 6]
[0, 0, 0, 0, 2, 16, 18, 34, 24, 6]
[0, 0, 0, 5, 5, 29, 5, 10, 13, 33]
[0, 0, 0, 5, 5, 29, 5, 10, 13, 33]
[0, 0, 0, 5, 5, 29, 5, 10, 13, 33]
[0, 0, 0, 0, 8, 2, 22, 21, 9, 38]
[0, 0, 5, 7, 6, 9, 13, 39, 13, 8]
[0, 0, 0, 3, 16, 14, 16, 23, 5, 23]
[0, 0, 0, 6, 6, 16, 13, 36, 17, 6]
[0, 0, 0, 6, 6, 16, 13, 36, 17, 6]
[0, 0, 0, 6, 6, 16, 13, 36, 17, 6]
[0, 0, 0, 6, 6, 16, 13, 36, 17, 6]
[0, 0, 0, 6, 6, 16, 13, 36, 17, 6]
[0, 0, 0, 6, 6, 16, 13, 36, 17, 6]
[0, 0, 0, 6, 6, 16, 13, 36, 17, 6]
[0, 0, 0, 6, 6, 16, 13, 36, 17, 6]
[0, 0, 0, 6, 6, 16, 13, 36, 17, 6]
[0, 0, 0, 6, 6, 16, 13, 36, 17, 6]
[0, 0, 0, 0, 1, 11, 8, 20, 53, 7]
[0, 0, 0, 0, 1, 11, 8, 20, 53, 7]
[0, 0, 0, 0, 1, 11, 8, 20, 53, 7]
[0, 0, 0, 0, 4, 15, 22, 23, 21, 15]
[0, 0, 0, 0, 4, 15, 22, 23, 21, 15]
[0, 0, 0, 0, 4, 15, 22, 23, 21, 15]
[0, 0, 0, 0, 4, 15, 22, 23, 21, 15]
[0, 3, 1, 4, 16, 6, 6, 12, 48, 4]
[0, 3, 1, 4, 16, 6, 6, 12, 48, 4]
[0, 0, 0, 5, 4, 11, 21, 23, 17, 19]
[0, 0, 0, 5, 4, 11, 21, 23, 17, 19]
[0, 0, 0, 5, 4, 11, 21, 23, 17, 19]
[0, 0, 0, 5, 0, 9, 10, 16, 36, 24]
[0, 8, 2, 6, 17, 12, 9, 23, 5, 18]
[2, 0, 0, 20, 12, 9, 6, 8, 32, 11]
