[1, 3, 7, 10, 6, 17, 23, 3, 2, 28]
[3, 5, 7, 10, 14, 18, 24, 6, 6, 7]
[3, 5, 7, 10, 14, 18, 24, 6, 6, 7]
[2, 3, 6, 8, 11, 6, 10, 27, 2, 25]
[3, 4, 4, 2, 9, 21, 21, 6, 27, 3]
[2, 2, 5, 4, 2, 16, 8, 27, 28, 6]
[3, 2, 4, 7, 12, 5, 25, 28, 6, 8]
[2, 3, 3, 3, 3, 4, 25, 3, 29, 25]
[5, 5, 2, 7, 10, 14, 25, 7, 4, 21]
[4, 2, 5, 4, 13, 12, 3, 23, 11, 23]
[1, 1, 7, 7, 4, 14, 17, 20, 27, 3]
[3, 4, 4, 2, 6, 21, 22, 6, 27, 5]
[2, 5, 8, 10, 12, 15, 20, 10, 7, 11]
[2, 3, 4, 9, 14, 9, 19, 5, 2, 33]
[3, 4, 5, 8, 4, 5, 18, 23, 25, 5]
[2, 2, 4, 4, 5, 12, 5, 29, 28, 9]
[2, 5, 8, 10, 12, 16, 3, 10, 24, 10]
[2, 3, 3, 10, 3, 5, 3, 26, 25, 20]
[2, 6, 10, 8, 16, 22, 24, 4, 6, 2]
[3, 4, 7, 7, 9, 18, 20, 6, 23, 3]
[2, 3, 5, 7, 17, 6, 23, 20, 8, 9]
[2, 3, 4, 7, 19, 2, 25, 26, 6, 6]
[1, 1, 2, 6, 9, 1, 2, 26, 26, 26]
[3, 3, 6, 5, 13, 9, 5, 19, 5, 32]
[3, 2, 7, 9, 9, 8, 19, 8, 3, 32]
[2, 4, 4, 7, 4, 14, 7, 26, 26, 6]
[2, 3, 2, 8, 9, 4, 17, 3, 27, 25]
[4, 2, 4, 2, 2, 19, 23, 28, 8, 8]
[3, 2, 6, 4, 4, 13, 4, 16, 27, 21]
[2, 2, 2, 2, 6, 16, 26, 2, 31, 11]
[5, 4, 2, 11, 10, 20, 21, 10, 4, 13]
[2, 5, 5, 3, 12, 12, 6, 9, 26, 20]
[3, 2, 3, 8, 9, 3, 18, 7, 22, 25]
[6, 3, 4, 8, 15, 3, 2, 3, 24, 32]
[0, 2, 2, 5, 7, 14, 19, 5, 24, 22]
[1, 1, 7, 1, 15, 20, 20, 4, 30, 1]
[3, 3, 8, 8, 2, 5, 13, 27, 27, 4]
[2, 2, 4, 6, 8, 12, 17, 19, 25, 5]
[3, 6, 9, 12, 15, 18, 21, 14, 1, 1]
[1, 1, 2, 2, 6, 12, 18, 23, 33, 2]
[2, 10, 5, 12, 11, 2, 9, 18, 4, 27]
[0, 3, 3, 9, 15, 17, 20, 13, 10, 10]
[5, 3, 4, 6, 5, 2, 16, 19, 29, 11]
[2, 4, 2, 10, 20, 3, 18, 21, 4, 16]
[0, 0, 2, 4, 8, 14, 18, 22, 24, 8]
[3, 4, 3, 3, 9, 3, 25, 11, 26, 13]
[3, 3, 2, 3, 13, 19, 2, 25, 19, 11]
[2, 5, 2, 9, 2, 22, 27, 7, 9, 15]
[2, 3, 4, 13, 17, 3, 2, 10, 30, 16]
[2, 6, 3, 2, 10, 6, 6, 23, 38, 4]
[1, 1, 1, 1, 1, 1, 18, 22, 26, 28]
[3, 2, 10, 5, 9, 5, 19, 6, 7, 34]
[1, 1, 3, 2, 7, 13, 6, 30, 34, 3]
[5, 3, 10, 2, 12, 3, 24, 7, 23, 11]
[1, 1, 1, 1, 1, 20, 22, 25, 27, 1]
[1, 1, 1, 1, 1, 1, 20, 24, 23, 27]
[3, 6, 2, 2, 6, 3, 24, 25, 22, 7]
[1, 1, 1, 1, 1, 1, 1, 31, 31, 31]
[0, 0, 0, 0, 11, 16, 21, 24, 27, 1]
[5, 5, 2, 4, 16, 17, 5, 5, 26, 15]
[3, 3, 3, 1, 1, 1, 23, 24, 25, 16]
[2, 2, 2, 4, 3, 10, 25, 5, 23, 24]
[1, 1, 10, 1, 15, 20, 20, 30, 1, 1]
[1, 1, 1, 1, 1, 1, 1, 30, 31, 32]
[2, 4, 6, 8, 10, 12, 14, 18, 26, 0]
[3, 3, 3, 3, 3, 10, 24, 4, 33, 14]
[0, 5, 4, 8, 18, 16, 6, 4, 20, 19]
[1, 1, 1, 1, 1, 1, 1, 26, 33, 34]
[0, 1, 1, 1, 12, 1, 16, 21, 21, 26]
[0, 5, 7, 8, 1, 2, 2, 2, 36, 37]
[2, 2, 2, 2, 2, 2, 20, 20, 20, 28]
[2, 3, 2, 10, 3, 5, 20, 12, 27, 16]
[4, 4, 0, 6, 1, 0, 21, 11, 31, 22]
[5, 7, 10, 15, 18, 20, 22, 1, 1, 1]
[3, 3, 8, 4, 8, 15, 9, 10, 26, 14]
[0, 0, 5, 10, 15, 20, 20, 15, 10, 5]
[5, 7, 9, 10, 11, 14, 15, 12, 9, 8]
[0, 1, 1, 1, 0, 0, 17, 20, 29, 31]
[0, 1, 1, 1, 2, 14, 16, 18, 22, 25]
[0, 1, 6, 7, 8, 9, 18, 20, 21, 10]
[0, 1, 3, 6, 14, 18, 19, 17, 15, 7]
[3, 3, 8, 11, 8, 9, 9, 25, 12, 12]
[10, 1, 1, 1, 1, 1, 1, 28, 28, 28]
[1, 1, 1, 1, 18, 24, 1, 26, 26, 1]
[0, 0, 0, 11, 15, 19, 23, 32, 0, 0]
[0, 0, 0, 0, 2, 16, 16, 21, 22, 23]
[2, 2, 2, 5, 7, 3, 14, 22, 4, 39]
[0, 0, 2, 3, 5, 15, 17, 18, 20, 20]
[0, 0, 0, 0, 0, 0, 22, 26, 26, 26]
[1, 1, 1, 1, 5, 12, 16, 20, 21, 22]
[1, 1, 2, 2, 10, 13, 16, 16, 19, 20]
[3, 7, 2, 12, 9, 14, 8, 16, 10, 19]
[4, 2, 7, 11, 9, 6, 12, 22, 17, 10]
[2, 3, 8, 8, 9, 11, 9, 3, 13, 34]
[1, 1, 15, 16, 1, 19, 21, 24, 1, 1]
[0, 0, 0, 0, 3, 11, 17, 21, 23, 25]
[1, 2, 4, 6, 13, 16, 18, 39, 0, 1]
[2, 1, 13, 13, 16, 16, 1, 2, 17, 19]
[1, 1, 1, 1, 11, 12, 11, 17, 21, 24]
[2, 5, 12, 8, 8, 7, 6, 12, 3, 37]
[1, 1, 1, 10, 25, 20, 20, 20, 1, 1]
[0, 0, 3, 5, 8, 12, 15, 17, 19, 21]
[1, 1, 7, 7, 9, 10, 16, 16, 22, 11]
[4, 7, 11, 14, 18, 21, 25, 0, 0, 0]
[0, 0, 2, 4, 7, 11, 15, 19, 21, 21]
[0, 0, 2, 4, 7, 11, 16, 18, 21, 21]
[0, 0, 10, 14, 0, 22, 25, 29, 0, 0]
[2, 9, 4, 9, 12, 4, 8, 12, 16, 24]
[1, 0, 0, 0, 7, 14, 16, 18, 22, 22]
[0, 0, 0, 3, 4, 10, 15, 20, 22, 26]
[3, 3, 4, 4, 6, 12, 13, 21, 17, 17]
[1, 2, 6, 7, 10, 11, 12, 13, 18, 20]
[0, 0, 1, 2, 6, 11, 16, 17, 21, 26]
[0, 0, 0, 11, 0, 0, 21, 31, 36, 1]
[0, 0, 0, 7, 11, 13, 15, 17, 18, 19]
[6, 3, 12, 3, 13, 3, 16, 21, 16, 7]
[1, 2, 3, 4, 6, 8, 11, 15, 21, 29]
[1, 2, 3, 6, 10, 11, 15, 17, 17, 18]
[0, 0, 0, 18, 20, 0, 3, 3, 27, 29]
[0, 2, 3, 6, 8, 11, 14, 16, 18, 22]
[0, 0, 0, 3, 13, 15, 15, 17, 17, 20]
[2, 2, 4, 7, 10, 14, 15, 13, 16, 17]
[1, 2, 2, 3, 5, 10, 15, 20, 40, 2]
[0, 0, 1, 2, 14, 15, 16, 17, 17, 18]
[0, 2, 4, 8, 6, 10, 18, 18, 16, 18]
[1, 2, 3, 6, 8, 10, 14, 16, 18, 22]
[0, 0, 0, 0, 0, 10, 20, 20, 25, 25]
[1, 0, 2, 3, 5, 7, 12, 16, 22, 32]
[2, 3, 4, 5, 8, 10, 14, 16, 18, 20]
[0, 0, 0, 15, 20, 20, 20, 25, 0, 0]
[1, 1, 1, 11, 13, 13, 14, 16, 15, 15]
[5, 3, 2, 19, 2, 14, 17, 3, 21, 14]
[1, 2, 2, 8, 10, 13, 13, 15, 18, 18]
[0, 1, 1, 1, 8, 10, 14, 18, 20, 27]
[0, 3, 6, 9, 14, 18, 0, 0, 0, 50]
[0, 0, 0, 2, 4, 10, 14, 18, 22, 30]
[0, 0, 2, 4, 7, 10, 14, 18, 20, 25]
[2, 4, 5, 7, 0, 11, 13, 15, 20, 23]
[2, 3, 4, 6, 8, 11, 14, 17, 17, 18]
[0, 0, 0, 0, 5, 13, 15, 17, 20, 30]
[0, 0, 0, 0, 0, 19, 20, 25, 36, 0]
[3, 3, 3, 3, 3, 3, 30, 40, 3, 6]
[0, 0, 0, 0, 0, 10, 15, 20, 25, 30]
[0, 0, 0, 0, 0, 25, 25, 25, 25, 0]
[0, 0, 0, 8, 9, 11, 13, 16, 19, 24]
[1, 3, 5, 7, 9, 11, 13, 15, 17, 19]
[1, 3, 5, 7, 9, 11, 13, 15, 17, 19]
[1, 4, 5, 7, 9, 12, 13, 15, 16, 18]
[2, 4, 5, 7, 9, 11, 13, 15, 17, 17]
[0, 0, 0, 0, 7, 9, 14, 20, 20, 30]
[2, 3, 5, 7, 9, 11, 13, 15, 16, 19]
[1, 1, 1, 1, 1, 31, 31, 30, 2, 1]
[2, 4, 5, 7, 9, 11, 13, 15, 16, 18]
[2, 4, 5, 7, 9, 11, 13, 15, 16, 18]
[2, 4, 5, 7, 9, 11, 13, 15, 16, 18]
[2, 4, 5, 7, 9, 11, 13, 15, 16, 18]
[0, 0, 0, 0, 0, 0, 10, 20, 30, 40]
[0, 0, 0, 12, 13, 13, 14, 15, 16, 17]
[0, 3, 2, 5, 10, 25, 45, 5, 3, 2]
[0, 1, 2, 3, 4, 6, 9, 13, 20, 42]
[0, 0, 4, 0, 0, 0, 21, 30, 45, 0]
[1, 0, 0, 0, 7, 10, 0, 0, 36, 46]
[1, 1, 30, 5, 5, 5, 5, 5, 35, 8]
[0, 0, 0, 0, 0, 0, 0, 50, 0, 50]
[1, 2, 1, 0, 0, 0, 0, 0, 21, 75]
[2, 2, 2, 2, 2, 2, 2, 2, 84, 0]
[0, 0, 43, 28, 15, 0, 7, 4, 3, 0]
[1, 1, 1, 1, 1, 1, 1, 1, 91, 1]
[0, 0, 0, 0, 45, 55, 0, 0, 0, 0]
[0, 5, 0, 0, 0, 0, 0, 0, 95, 0]
[0, 0, 0, 0, 0, 0, 0, 0, 0, 100]
[0, 0, 0, 0, 0, 0, 0, 0, 0, 100]
[0, 0, 0, 0, 0, 0, 0, 0, 0, 100]
[0, 0, 0, 0, 0, 0, 0, 0, 0, 100]
[0, 0, 0, 0, 0, 0, 0, 0, 100, 0]
