w11
[2, 4, 6, 2, 2, 21, 26, 27, 6, 4]
[2, 2, 6, 8, 2, 2, 22, 26, 28, 2]
[0, 0, 0, 0, 0, 0, 0, 5, 44, 51]

[0, 0, 0, 0, 0, 0, 0, 5, 44, 51]
[0, 0, 0, 0, 1, 1, 22, 27, 26, 23]
[0, 0, 1, 2, 6, 13, 28, 9, 0, 41]
[0, 0, 0, 0, 0, 1, 0, 5, 44, 50]
[0, 0, 0, 0, 3, 8, 32, 37, 18, 2]
[0, 0, 1, 2, 5, 7, 31, 34, 14, 6]

w22
[0, 1, 4, 15, 22, 22, 23, 2, 7, 4]

w31
[1, 4, 5, 1, 12, 15, 2, 1, 28, 31]
[0, 5, 6, 0, 12, 17, 2, 27, 28, 3]
[0, 3, 4, 0, 17, 22, 0, 23, 28, 3]
[0, 2, 3, 0, 17, 22, 1, 23, 28, 4]
[2, 3, 3, 2, 2, 22, 24, 3, 28, 11]
[1, 2, 3, 1, 17, 22, 1, 23, 26, 4]
[1, 5, 7, 1, 11, 17, 3, 22, 31, 2]

w32
[2, 5, 7, 2, 2, 23, 27, 24, 6, 2]
[2, 2, 2, 2, 2, 2, 23, 32, 29, 4]
[2, 3, 3, 2, 2, 3, 25, 27, 28, 5]
[2, 4, 6, 9, 11, 21, 25, 21, 1, 0]

w41
[1, 2, 6, 9, 2, 22, 23, 27, 6, 2]
[1, 1, 4, 5, 7, 4, 31, 1, 43, 3]
[1, 2, 3, 2, 2, 2, 27, 28, 31, 2]
[1, 1, 4, 5, 7, 4, 31, 1, 43, 3]
[1, 2, 3, 2, 2, 15, 22, 23, 28, 2]
[1, 2, 3, 2, 3, 23, 27, 28, 7, 4]

w42
[2, 4, 3, 2, 2, 2, 23, 27, 3, 32]
[2, 2, 3, 2, 3, 2, 23, 28, 3, 32]
[2, 3, 3, 4, 4, 4, 22, 27, 28, 3]

w51
[1, 1, 2, 2, 1, 2, 22, 26, 32, 11]
[0, 0, 3, 2, 2, 2, 27, 23, 35, 6]
[0, 1, 1, 2, 2, 17, 23, 22, 28, 4]
[0, 0, 1, 2, 2, 17, 23, 22, 29, 4]
[0, 0, 0, 0, 10, 4, 15, 22, 9, 40]

w52
[3, 3, 4, 13, 25, 21, 19, 3, 5, 4]
[23, 2, 3, 4, 14, 22, 22, 2, 3, 5]
[25, 2, 3, 9, 2, 2, 23, 24, 6, 4]
[1, 23, 3, 4, 2, 17, 22, 22, 2, 4]
[22, 2, 3, 4, 2, 17, 21, 21, 2, 6]
[2, 23, 4, 4, 3, 15, 22, 22, 2, 3]
[1, 4, 0, 3, 0, 3, 19, 20, 26, 24]

w53
[11, 2, 3, 2, 3, 21, 23, 27, 3, 5]
[11, 3, 4, 8, 11, 2, 2, 27, 28, 4]
[11, 2, 7, 9, 6, 16, 21, 2, 1, 25]
[2, 3, 4, 4, 12, 18, 24, 24, 5, 4]